<?xml version="1.0"?>
<opencv_storage>
<mat1 type_id="opencv-matrix">
  <rows>2</rows>
  <cols>2</cols>
  <dt>d</dt>
  <data>
    6.9314847677589397e-01 8.6739953054372498e-01 7.5258599520687119e-01
    7.2423443591943160e-01</data></mat1>
</opencv_storage>
