%YAML:1.0
---
mat1: !!opencv-matrix
   rows: 2
   cols: 2
   dt: d
   data: [ 9.9693613623832067e-01, 5.2458594753541643e-02,
       9.0639397564230106e-01, 6.9134193566200208e-02 ]
