%YAML:1.0
---
responses: !!opencv-matrix
   rows: 70
   cols: 1
   dt: f
   data: [ 2., 2., 2., 2., 2., 2., 2., 2., 2., 2., 2., 2., 2., 2., 2.,
       2., 2., 2., 2., 2., 2., 2., 2., 2., 2., 2., 2., 2., 2., 2., 2.,
       2., 2., 2., 3., 3., 3., 3., 3., 3., 3., 3., 3., 3., 3., 3., 3.,
       3., 3., 3., 3., 3., 3., 3., 3., 3., 3., 3., 3., 3., 3., 3., 3.,
       3., 3., 3., 3., 3., 3., 3. ]
